1005.1884375
991.4259375
977.66734375
963.9146875
950.171875
936.43796875
922.70765625
908.982734375
895.27125
881.590625
867.9378125
854.294375
840.6584375
827.028671875
813.4040625
799.784140625
786.168671875
772.5575
758.950625
745.348125
731.74984375
718.155625
704.5653125
690.978828125
677.39578125
663.8159375
650.238984375
636.6646875
623.092734375
609.522890625
595.954921875
582.388515625
568.8234375
555.259609375
541.69671875
528.134609375
514.5732421875
501.0123828125
487.451953125
473.891796875
460.331953125
446.772265625
433.212734375
419.653359375
406.0940625
392.5348046875
378.975625
365.4164453125
351.857265625
338.298046875
324.73888671875
311.1797265625
297.620546875
284.06140625
270.50224609375
256.9430859375
243.38390625
229.8248046875
216.26572265625
202.7066796875
189.14767578125
175.5887109375
162.02974609375
148.47080078125
134.911884765625
121.35298828125
107.79408203125
94.2351953125
80.6762939453125
67.1173974609375
53.558466796875
39.999541015625
26.44064208984375
12.8817431640625
