100578.984
99200.055
97824.23
96457.21
95089.38
93707.195
92337.84
90971.09
89597.6
88223.15
86857.52
85496.74
84125.26
82765.67
81407.26
80047.98
78680.61
77318.45
75964.95
74605.9
73236.195
71876.82
70523.96
69164.76
67796.01
66436.805
65084.348
63726.266
62358.473
60998.37
59646.008
58288.664
56923.55
55562.44
54208.414
52853.47
51493.492
50131.426
48771.91
47420.113
46060.16
44700.848
43340.92
41985.2
40632.207
39269.223
37917.05
36555.363
35200.418
33846.62
32484.5
31133.021
29772.371
28416.686
27062.523
25702.36
24349.623
22991.158
21633.594
20277.896
18923.596
17566.81
16208.595
14851.632
13496.357
12140.437
10783.798
9426.388
8071.2466
6713.633
5357.7285
4001.0034
2644.6704
1288.3301
