1013.5972656199999
1010.68914063
1006.6584375
1001.36359375
994.81625
987.1290625
978.152265625
967.626328125
955.520078125
941.83921875
926.5853125
909.764140625
891.4153125
871.614921875
850.436796875
827.947265625
804.235546875
779.42421875
753.633046875
726.965859375
699.54140625
671.506484375
643.002382812
614.148632812
585.073007813
555.925351563
526.929765625
498.37078125
470.526796875
443.657890625
418.005390625
393.67078125
370.616679687
348.790234375
328.133398437
308.590507812
290.108164063
272.635117187
256.122265625
240.522539062
225.790878906
211.884101563
198.760878906