1000.405625
993.674140625
985.492265625
975.886796875
964.888828125
952.53421875
938.869140625
923.947421875
907.825234375
890.5646875
872.23046875
852.8871875
832.601640625
811.446328125
789.505078125
766.8653125
743.597109375
719.775703125
695.48015625
670.779453125
645.7512890625
620.477734375
595.03859375
569.52578125
544.04859375
518.681953125
493.4822265625
468.5159765625
443.8251171875
419.452734375
395.4971875
372.020234375
349.0413671875
326.60166015625
304.755
283.539765625
262.9610546875
243.0421875
223.82263671875
205.35419921875