1006.109453125
992.358125
978.60859375
964.86078125
951.1159375
937.37984375
923.653359375
909.934375
896.2246875
882.5246875
868.834140625
855.1528125
841.480546875
827.81640625
814.159765625
800.50984375
786.86578125
773.226875
759.59203125
745.9609375
732.33359375
718.71109375
705.0953125
691.486953125
677.8846875
664.28625
650.6909375
637.099765625
623.5130859375
609.930625
596.35140625
582.77359375
569.1959375
555.6192578125
542.043203125
528.466796875
514.889765625
501.31171875
487.732421875
474.151796875
460.5708984375
446.99109375
433.4131640625
419.837265625
406.2635546875
392.69203125
379.1225390625
365.554453125
351.9871875
338.420546875
324.8546484375
311.28935546875
297.724453125
284.1598046875
270.5953515625
257.03091796875
243.466640625
229.9026171875
216.33869140625
202.77486328125
189.21109375
175.6473828125
162.08369140625
148.520029296875
134.95642578125
121.39283203125
107.82923828125
94.26564453125
80.702060546875
67.1384765625
53.57486328125
40.01125
26.447666015625
12.88408447265625
