1006.3321875
992.580625
978.83078125
965.08265625
951.34265625
937.612734375
923.88953125
910.1740625
896.465859375
882.76453125
869.0709375
855.38640625
841.7096875
828.03859375
814.373125
800.7140625
787.0621875
773.41734375
759.77859375
746.14390625
732.5115625
718.88078125
705.25125
691.623046875
677.9965625
664.3721875
650.7509765625
637.133515625
623.520234375
609.91109375
596.30609375
582.705234375
569.108671875
555.516875
541.9302734375
528.3491015625
514.7725390625
501.1987890625
487.6268359375
474.0565625
460.487890625
446.919921875
433.3515625
419.7828125
406.2140625
392.6457421875
379.0778125
365.5103125
351.9430859375
338.37640625
324.810546875
311.2455859375
297.68138671875
284.11779296875
270.5546875
256.99197265625
243.4295703125
229.8674609375
216.305546875
202.74380859375
189.1821875
175.620625
162.059091796875
148.49759765625
134.936162109375
121.37474609375
107.81333984375
94.25193359375
80.69046875
67.12896484375
53.567421875
40.0058837890625
26.4444091796875
12.882989501953125
