1006.82375
993.095
979.3665625
965.63796875
951.909296875
938.180703125
924.452265625
910.72421875
896.99953125
883.282734375
869.578125
855.88421875
842.1965625
828.51375
814.835546875
801.162109375
787.4934375
773.829375
760.169921875
746.515078125
732.864765625
719.21890625
705.577421875
691.94046875
678.30796875
664.67953125
651.0553125
637.4350390625
623.8184375
610.2
596.58078125
582.966328125
569.3551953125
555.7469921875
542.141875
528.53953125
514.940078125
501.3439453125
487.75109375
474.16109375
460.5734375
446.9878125
433.404375
419.823671875
406.2456640625
392.670078125
379.09671875
365.525234375
351.955390625
338.38703125
324.81984375
311.2537109375
297.6884765625
284.1240625
270.5603125
256.99708984375
243.43421875
229.8716796875
216.30939453125
202.7473046875
189.1853515625
175.623515625
162.06173828125
148.5
134.93830078125
121.37662109375
107.81494140625
94.25326171875
80.69158203125
67.1299072265625
53.5681982421875
40.0064892578125
26.44481201171875
12.883134765625
